68 25 45 158
F 29 7 29 7 3 7 68 15775208 
W 17 10 17 10 9 5 68 15772384 
W 27 22 27 22 9 5 68 15774824 
W 43 22 43 22 9 5 68 15775848 
H 8 4 8 4 4 4 68 15772248 0 0 
A 1 15 1 15 4 4 67 15772512 
S 2 23 2 23 4 4 67 15772640 
A 1 20 1 20 4 4 67 15775080 
S 19 20 19 20 4 4 67 15775592 
T 36 18 36 18 2 1 67 15775464 
T 20 9 20 9 2 1 67 15775720 
m 4 6 4 6 0 0 174 15777480 
t 11 10 11 10 0 0 169 15797600 
m 3 4 3 4 0 0 165 15799912 
b 29 9 29 9 99 0 163 15778552 
m 6 4 6 4 0 0 161 15798280 
t 7 14 7 14 0 0 160 15797328 
m 5 4 5 4 0 0 160 15800184 
m 3 7 3 7 0 0 158 15800456 
m 7 5 7 5 0 0 155 15800320 
m 6 6 6 6 0 0 152 15798552 
m 3 8 3 8 0 0 152 15799776 
b 27 1 27 1 99 0 151 15800048 
b 27 8 27 8 99 0 151 15798824 
t 10 9 10 9 0 0 149 15798008 
m 3 3 3 3 0 0 149 15797056 
b 27 7 27 7 99 0 148 15799368 
m 7 4 7 4 0 0 147 15798960 
m 6 5 6 5 0 0 146 15797464 
t 10 8 10 8 0 0 146 15811016 
m 5 3 5 3 0 0 146 15798688 
t 9 15 9 15 0 0 145 15811152 
m 7 7 7 7 0 0 145 15798416 
m 5 7 5 7 0 0 145 15800728 
m 2 9 2 9 0 0 144 15809928 
m 6 2 6 2 0 0 144 15800864 
m 4 4 4 4 0 0 142 15797872 
m 6 7 6 7 0 0 142 15810880 
m 4 3 4 3 0 0 142 15799096 
m 8 6 8 6 0 0 141 15810744 
m 7 6 7 6 0 0 141 15812376 
b 28 1 28 1 99 0 140 15797192 
b 26 1 26 1 99 0 140 15800592 
t 11 11 11 11 0 0 140 15812512 
m 2 8 2 8 0 0 140 15810064 
m 4 7 4 7 0 0 140 15810336 
b 26 8 26 8 99 0 139 15799232 
m 5 6 5 6 0 0 139 15813056 
m 3 5 3 5 0 0 139 15811288 
b 26 2 26 2 99 0 138 15799640 
m 7 2 7 2 0 0 137 15810472 
m 4 2 4 2 0 0 136 15811696 
m 5 8 5 8 0 0 136 15811560 
m 7 3 7 3 0 0 135 15811424 
t 9 11 9 11 0 0 135 15806664 
m 7 8 7 8 0 0 135 15812784 
b 30 8 30 8 99 0 134 15797736 
m 5 2 5 2 0 0 134 15812648 
t 10 12 10 12 0 0 133 15806800 
b 29 2 29 2 99 0 132 15798144 
m 8 9 8 9 0 0 132 15809656 
m 2 3 2 3 0 0 132 15812920 
m 2 6 2 6 0 0 131 15812104 
m 9 7 9 7 0 0 131 15813464 
m 4 5 4 5 0 0 130 15810608 
m 2 4 2 4 0 0 130 15807616 
m 1 7 1 7 0 0 130 15808704 
t 10 11 10 11 0 0 129 15807208 
m 4 8 4 8 0 0 128 15807888 
m 3 2 3 2 0 0 128 15809384 
m 2 5 2 5 0 0 127 15808976 
t 12 11 12 11 0 0 127 15824232 
m 6 3 6 3 0 0 126 15806256 
m 6 8 6 8 0 0 126 15809792 
m 5 9 5 9 0 0 126 15809520 
m 3 10 3 10 0 0 126 15805576 
b 28 3 28 3 99 0 125 15813192 
m 5 5 5 5 0 0 125 15809112 
t 11 12 11 12 0 0 125 15821240 
m 3 6 3 6 0 0 124 15808160 
m 4 1 4 1 0 0 124 15805984 
m 1 6 1 6 0 0 124 15805848 
m 3 9 3 9 0 0 123 15811832 
m 10 5 10 5 0 0 123 15806528 
m 5 1 5 1 0 0 123 15807480 
m 8 8 8 8 0 0 123 15812240 
t 11 9 11 9 0 0 123 15827224 
m 9 10 9 10 0 0 122 15821784 
m 4 10 4 10 0 0 122 15822464 
m 8 7 8 7 0 0 122 15799504 
m 9 4 9 4 0 0 122 15823416 
m 1 10 1 10 0 0 122 15822600 
m 4 9 4 9 0 0 121 15823960 
b 26 7 26 7 99 0 121 15810200 
t 9 12 9 12 0 0 121 15823008 
t 10 13 10 13 0 0 121 15826680 
m 2 1 2 1 0 0 121 15824504 
m 1 4 1 4 0 0 120 15822328 
m 2 7 2 7 0 0 120 15821104 
m 2 2 2 2 0 0 120 15824776 
m 10 7 10 7 0 0 120 15820832 
b 27 9 27 9 99 0 120 15813328 
m 8 10 8 10 0 0 120 15824368 
m 1 9 1 9 0 0 120 15823280 
t 6 15 6 15 0 0 120 15824912 
m 7 9 7 9 0 0 119 15823824 
m 3 1 3 1 0 0 119 15824640 
m 9 5 9 5 0 0 119 15825048 
b 28 4 28 4 99 0 119 15806120 
m 1 5 1 5 0 0 119 15823552 
m 0 8 0 8 0 0 118 15822056 
b 29 10 29 10 99 0 118 15807752 
m 11 8 11 8 0 0 118 15820968 
m 8 5 8 5 0 0 118 15823688 
m 10 6 10 6 0 0 118 15826544 
m 5 10 5 10 0 0 117 15821920 
m 10 4 10 4 0 0 117 15827360 
m 9 9 9 9 0 0 117 15821648 
m 1 8 1 8 0 0 117 15821512 
m 9 8 9 8 0 0 117 15823144 
b 27 3 27 3 99 0 116 15806392 
m 0 7 0 7 0 0 116 15825592 
m 9 6 9 6 0 0 116 15825864 
m 10 3 10 3 0 0 116 15826000 
m 5 0 5 0 0 0 116 15827496 
b 28 8 28 8 99 0 115 15809248 
m 0 6 0 6 0 0 115 15827088 
m 7 0 7 0 0 0 115 15826272 
m 0 5 0 5 0 0 114 15827768 
m 2 10 2 10 0 0 114 15826136 
m 9 2 9 2 0 0 114 15822736 
b 27 10 27 10 99 0 113 15808024 
m 0 11 0 11 0 0 113 15826952 
b 26 0 26 0 99 0 112 15805712 
m 2 11 2 11 0 0 112 15828584 
m 1 2 1 2 0 0 112 15826816 
b 29 3 29 3 99 0 111 15808296 
m 6 9 6 9 0 0 111 15821376 
m 0 4 0 4 0 0 111 15828176 
m 11 5 11 5 0 0 111 15827632 
m 6 0 6 0 0 0 111 15828040 
m 8 1 8 1 0 0 111 15828448 
b 27 0 27 0 99 0 110 15824096 
m 2 0 2 0 0 0 109 15825456 
m 8 3 8 3 0 0 109 15828312 
m 7 1 7 1 0 0 109 15825184 
m 4 11 4 11 0 0 109 15825320 
b 29 5 29 5 99 0 107 15822192 
b 30 4 30 4 99 0 106 15825728 
b 25 8 25 8 99 0 104 15822872 
b 8 17 8 17 99 0 103 15826408 
b 24 9 24 9 99 0 100 15828720 
b 25 2 25 2 99 0 99 15827904 
b 8 16 8 16 99 0 67 15776504 
b 28 9 28 9 99 0 67 15776232 
t 8 15 8 15 0 0 67 15776912 
t 10 10 10 10 0 0 67 15776368 
b 27 2 27 2 99 0 67 15775976 
