53 23 50 69
F 18 15 18 15 6 7 53 17955048 
F 42 2 42 2 3 7 53 17955304 
F 45 22 45 22 3 7 53 17945920 
F 33 4 33 4 3 7 53 17946176 
W 13 11 13 11 9 5 53 17945792 
W 42 6 42 6 9 5 53 17954920 
W 41 11 41 11 9 5 53 17946304 
H 12 22 12 22 4 4 53 17859168 0 0 
S 4 15 4 15 4 4 52 17955176 
S 29 11 29 11 4 4 52 17973392 
T 38 4 38 4 2 1 52 17973520 
t 19 19 19 19 0 0 158 17974744 
m 13 22 13 22 0 0 150 17974880 
m 27 5 27 5 0 0 142 17975016 
m 13 20 13 20 0 0 139 17983640 
m 11 22 11 22 0 0 137 17983912 
m 14 21 14 21 0 0 137 17984592 
m 28 6 28 6 0 0 137 17985272 
m 13 21 13 21 0 0 136 17985816 
m 14 19 14 19 0 0 136 17982280 
m 13 18 13 18 0 0 134 17985952 
t 20 18 20 18 0 0 132 17982688 
m 14 18 14 18 0 0 132 17983096 
m 14 20 14 20 0 0 130 17985680 
m 27 7 27 7 0 0 130 17982416 
m 13 19 13 19 0 0 129 17986088 
m 11 20 11 20 0 0 129 17983776 
m 28 5 28 5 0 0 129 17983368 
m 15 18 15 18 0 0 127 17985544 
m 15 20 15 20 0 0 127 17982552 
m 26 6 26 6 0 0 125 17982824 
m 16 19 16 19 0 0 125 17984184 
m 15 22 15 22 0 0 124 17983504 
m 14 17 14 17 0 0 124 17982960 
m 11 17 11 17 0 0 122 17984456 
m 11 21 11 21 0 0 122 17984728 
m 16 18 16 18 0 0 120 17985000 
m 11 18 11 18 0 0 120 17984864 
m 28 7 28 7 0 0 120 17998016 
m 29 7 29 7 0 0 119 17985136 
m 27 8 27 8 0 0 119 17995840 
m 16 20 16 20 0 0 119 17997880 
m 10 20 10 20 0 0 118 17994752 
m 17 20 17 20 0 0 118 17995432 
m 28 9 28 9 0 0 118 17995704 
g 2 8 2 8 0 0 117 17984048 
m 18 19 18 19 0 0 115 17996928 
m 15 19 15 19 0 0 115 17995024 
m 17 19 17 19 0 0 115 17995976 
m 11 19 11 19 0 0 114 17997472 
m 15 21 15 21 0 0 114 17998152 
m 17 18 17 18 0 0 114 17997608 
m 16 21 16 21 0 0 114 17996384 
m 29 8 29 8 0 0 113 17994888 
h 16 11 16 11 10 0 113 17997744 
m 28 10 28 10 0 0 113 17998288 
m 18 17 18 17 0 0 112 17995160 
m 18 18 18 18 0 0 112 17995568 
m 10 21 10 21 0 0 111 17997200 
m 27 11 27 11 0 0 111 17995296 
m 29 4 29 4 0 0 110 17996112 
m 15 17 15 17 0 0 109 17996248 
m 17 22 17 22 0 0 109 17996520 
m 17 17 17 17 0 0 109 17996656 
m 14 22 14 22 0 0 56 17974312 
m 27 6 27 6 0 0 54 17973768 
t 18 20 18 20 0 0 52 17973904 
h 16 12 16 12 10 0 52 17974176 
g 1 7 1 7 0 0 52 17974448 
