43 33 33 24
F 14 11 14 11 3 7 43 19242112 
W 27 31 27 31 12 5 43 19162056 
W 3 11 3 11 9 5 43 19244424 
W 12 3 12 3 9 5 43 19244680 
H 11 32 11 32 17 4 43 19162464 0 0 
S 29 9 29 9 4 4 42 19219248 
A 4 15 4 15 4 4 42 19244552 
T 25 9 25 9 2 1 42 19241856 
T 1 25 1 25 2 1 42 19241984 
h 6 31 6 31 10 0 42 19244944 
b 1 26 1 26 99 0 42 19245624 
g 4 29 4 29 0 0 42 19245760 
m 13 11 13 11 0 0 17 19247568 
g 3 30 3 30 0 0 15 19250016 
m 10 31 10 31 0 0 14 19248384 
g 4 31 4 31 0 0 10 19247976 
m 13 12 13 12 0 0 10 19249880 
m 13 13 13 13 0 0 9 19250560 
h 6 30 6 30 10 0 7 19250424 
m 15 10 15 10 0 0 5 19250152 
m 12 11 12 11 0 0 5 19248520 
m 16 13 16 13 0 0 2 19247704 
m 12 12 12 12 0 0 2 19248248 
m 11 11 11 11 0 0 2 19248656 
